#Lam_mum	F
0.009089999832212925	0.0
0.009349999949336052	0.0
0.009610000066459179	0.0
0.009769999422132969	0.0
0.009959999471902847	0.0
0.010200000368058681	0.0
0.010379999876022339	0.0
0.010559999383985996	0.0
0.010769999586045742	0.0
0.01104000024497509	0.0
0.01140000019222498	0.0
0.011780000291764736	0.0
0.01213000062853098	0.0
0.012480000033974648	0.0
0.012709999457001686	0.0
0.012839999049901962	0.0
0.013050000183284283	0.0
0.013239999301731586	0.0
0.01338999904692173	0.0
0.013660000637173653	0.0
0.013980000279843807	0.0
0.01433000061661005	0.0
0.014719999395310879	0.0
0.01510000042617321	0.0
0.015519999898970127	0.0
0.015879999846220016	0.0
0.016200000420212746	0.0
0.016599999740719795	0.0
0.017030000686645508	0.0
0.017339998856186867	0.0
0.017680000513792038	0.0
0.01802000030875206	0.0
0.01816999912261963	0.0
0.018610000610351562	0.0
0.019099999219179153	0.0
0.01939000003039837	0.0
0.019840000197291374	0.0
0.020179999992251396	0.0
0.020500000566244125	0.0
0.021050000563263893	0.0
0.021619999781250954	0.0
0.021980000659823418	0.0
0.022299999371170998	0.0
0.022679999470710754	0.0
0.023000000044703484	0.0
0.023399999365210533	0.0
0.024000000208616257	0.0
0.024650000035762787	0.0
0.02523999847471714	0.0
0.025679998099803925	0.0
0.026000000536441803	0.0
0.026399999856948853	0.0
0.026850000023841858	0.0
0.02734999917447567	0.0
0.02785000018775463	0.0
0.0284000001847744	0.0
0.028999999165534973	0.0
0.029600000008940697	0.0
0.03009999915957451	3.364921272179924e-33
0.030799999833106995	2.640065390778029e-32
0.03180000185966492	3.4382158869602274e-31
0.03280000016093254	3.780501551227579e-30
0.033799998462200165	3.6009708004784694e-29
0.03480000048875809	3.007012200070123e-28
0.0357000008225441	1.8327166684158436e-27
0.03660000115633011	1.0196730549597268e-26
0.03750000149011612	5.218593454544149e-26
0.03849999979138374	2.9229971269945252e-25
0.039500001817941666	1.4970598954146568e-24
0.04050000011920929	7.062916231324337e-24
0.0414000004529953	2.672063736955717e-23
0.0421999990940094	8.304057914779333e-23
0.0430000014603138	2.472112867248902e-22
0.04410000145435333	1.0365837272221708e-21
0.045099999755620956	3.585959221872004e-21
0.04600000008940697	1.0446691753718065e-20
0.04699999839067459	3.2626930802978025e-20
0.04800000041723251	9.70675187704296e-20
0.04899999871850014	2.758749189477268e-19
0.05000000074505806	7.509999664738846e-19
0.050599999725818634	1.2786437967655882e-18
0.05119999870657921	2.330984419621622e-18
0.052000001072883606	4.940208409068318e-18
0.05299999937415123	1.1994429901929221e-17
0.05400000140070915	2.814814891690168e-17
0.054999999701976776	6.397874769905696e-17
0.0560000017285347	1.410886368978135e-16
0.05700000002980232	3.0228697416396697e-16
0.057999998331069946	6.203216143063715e-16
0.05900000035762787	1.2810080543185546e-15
0.05999999865889549	2.5397999167382865e-15
0.061000000685453415	4.919162475904189e-15
0.06199999898672104	9.325543911034833e-15
0.06300000101327896	1.730087156436716e-14
0.06400000303983688	3.14654715043855e-14
0.06499999761581421	5.615025114248835e-14
0.0658000037074089	8.806488389001207e-14
0.06650000065565109	1.2935080795101889e-13
0.06750000268220901	2.2079587507287113e-13
0.06849999725818634	3.708754494919503e-13
0.06949999928474426	6.134418060327329e-13
0.07050000131130219	9.995173091970067e-13
0.07159999758005142	1.6820243115001077e-12
0.07259999960660934	2.661206758430845e-12
0.07349999994039536	3.977676694966181e-12
0.07450000196695328	6.144126873941502e-12
0.0754999965429306	9.376912440961505e-12
0.07649999856948853	1.4139035428573088e-11
0.07750000059604645	2.0757600499576867e-11
0.07850000262260437	3.113168750568107e-11
0.0794999971985817	2.177326244648392e-12
0.08049999922513962	3.0185005970434498e-12
0.08150000125169754	4.138786102031444e-12
0.08250000327825546	5.609711046378196e-12
0.08349999785423279	7.537002272295368e-12
0.08449999988079071	1.006061206565434e-11
0.08550000190734863	1.331196524539946e-11
0.08649999648332596	1.749349970436853e-11
0.08749999850988388	2.2754374773281683e-11
0.0885000005364418	2.9566741416298115e-11
0.08950000256299973	3.8056700152333534e-11
0.09049999713897705	4.840438119768642e-11
0.09149999916553497	1.0147167550655922e-08
0.0925000011920929	5.2826287344487355e-08
0.09350000321865082	7.541938629174183e-08
0.09449999779462814	1.0448393084061536e-07
0.09549999982118607	1.45194391620862e-07
0.09650000184774399	1.8726935024915292e-07
0.09749999642372131	2.052399423746465e-07
0.09849999845027924	2.761260589068115e-07
0.09950000047683716	3.2165914376491855e-07
0.10050000250339508	4.181503356903704e-07
0.1014999970793724	5.056344321019424e-07
0.10249999910593033	5.214251928009617e-07
0.10350000113248825	7.213629373836739e-07
0.10450000315904617	8.784248848314746e-07
0.1054999977350235	1.0505843874852872e-06
0.10649999976158142	1.22156029647158e-06
0.10750000178813934	1.4861337831462151e-06
0.10849999636411667	1.7670148508841521e-06
0.10949999839067459	2.032347310887417e-06
0.11050000041723251	4.519013600656763e-06
0.11150000244379044	1.1723612260539085e-05
0.11249999701976776	1.584562414791435e-05
0.11349999904632568	2.1191301129874773e-05
0.1145000010728836	2.531589416321367e-05
0.11550000309944153	2.7374193450668827e-05
0.11649999767541885	3.526070577208884e-05
0.11749999970197678	4.0355669625569135e-05
0.1185000017285347	4.2267172830179334e-05
0.11949999630451202	2.5504527002340183e-05
0.12049999833106995	2.4074573957477696e-05
0.12150000035762787	5.43103169547976e-06
0.12250000238418579	2.665109968802426e-05
0.12349999696016312	5.855338531546295e-05
0.12449999898672104	9.972860425477847e-05
0.12549999356269836	0.00020002816745545715
0.1264999955892563	0.0002281920751556754
0.1274999976158142	0.0004423325590323657
0.12849999964237213	0.0012512982357293367
0.12950000166893005	0.0019067773828282952
0.13050000369548798	0.0012517233844846487
0.1315000057220459	0.0030901250429451466
0.13249999284744263	0.004159075673669577
0.13349999487400055	0.0045767538249492645
0.13449999690055847	0.00665902066975832
0.1354999989271164	0.00627553416416049
0.13650000095367432	0.00634055444970727
0.13750000298023224	0.006630422081798315
0.13850000500679016	0.00507370475679636
0.13950000703334808	0.0056045521050691605
0.1404999941587448	0.007925710640847683
0.14149999618530273	0.00986496265977621
0.14249999821186066	0.011925861239433289
0.14350000023841858	0.010294065810739994
0.14419999718666077	0.013574087992310524
0.14470000565052032	0.01435934193432331
0.14550000429153442	0.016178304329514503
0.14650000631809235	0.015643833205103874
0.14749999344348907	0.016486886888742447
0.148499995470047	0.018131360411643982
0.14949999749660492	0.020960066467523575
0.15049999952316284	0.022231221199035645
0.15119999647140503	0.019637977704405785
0.1517000049352646	0.021899066865444183
0.1525000035762787	0.020746899768710136
0.1535000056028366	0.03270440548658371
0.15449999272823334	0.055068667978048325
0.15549999475479126	0.03955888748168945
0.15649999678134918	0.034607548266649246
0.1574999988079071	0.060353606939315796
0.15850000083446503	0.08051681518554688
0.15950000286102295	0.09323851764202118
0.16050000488758087	0.09469467401504517
0.1615000069141388	0.0954088643193245
0.16249999403953552	0.08125203102827072
0.16349999606609344	0.09444504231214523
0.16449999809265137	0.13936029374599457
0.1655000001192093	0.09063433855772018
0.1665000021457672	0.14240920543670654
0.1671999990940094	0.0836997851729393
0.16769999265670776	0.1443568617105484
0.16850000619888306	0.17384575307369232
0.16949999332427979	0.13359566032886505
0.1704999953508377	0.14081628620624542
0.17149999737739563	0.15956145524978638
0.17249999940395355	0.15993985533714294
0.17350000143051147	0.18527935445308685
0.1745000034570694	0.17895612120628357
0.17550000548362732	0.21018090844154358
0.17649999260902405	0.15840919315814972
0.17749999463558197	0.2017030119895935
0.1784999966621399	0.20258018374443054
0.17949999868869781	0.23646442592144012
0.18050000071525574	0.21294450759887695
0.18150000274181366	0.21867066621780396
0.18250000476837158	0.20346789062023163
0.1835000067949295	0.1974540799856186
0.18449999392032623	0.17615830898284912
0.18549999594688416	0.19686104357242584
0.18649999797344208	0.2099456787109375
0.1875	0.21452344954013824
0.18850000202655792	0.21759948134422302
0.18950000405311584	0.22627046704292297
0.19050000607967377	0.20972135663032532
0.1914999932050705	0.23143857717514038
0.19249999523162842	0.23497368395328522
0.19349999725818634	0.20514608919620514
0.19449999928474426	0.24699370563030243
0.19550000131130219	0.2471703588962555
0.19670000672340393	0.2649165391921997
0.19760000705718994	0.25988858938217163
0.19840000569820404	0.25188103318214417
0.19949999451637268	0.2461247444152832
0.2004999965429306	0.23577448725700378
0.20149999856948853	0.23342235386371613
0.20250000059604645	0.22319702804088593
0.20350000262260437	0.24569886922836304
0.2045000046491623	0.2660185992717743
0.20550000667572021	0.2543528079986572
0.20649999380111694	0.24937187135219574
0.20739999413490295	0.27641284465789795
0.2078000009059906	0.286202609539032
0.2084999978542328	0.2792222499847412
0.2094999998807907	0.2690911293029785
0.21050000190734863	0.255537211894989
0.21150000393390656	0.26074427366256714
0.21250000596046448	0.27179548144340515
0.2134999930858612	0.22276046872138977
0.21449999511241913	0.2610161602497101
0.21549999713897705	0.26336267590522766
0.21649999916553497	0.24696989357471466
0.2175000011920929	0.24542483687400818
0.21850000321865082	0.25713977217674255
0.21950000524520874	0.2770364284515381
0.22050000727176666	0.26682794094085693
0.2214999943971634	0.2417297214269638
0.2224999964237213	0.24178852140903473
0.22349999845027924	0.2799324095249176
0.22450000047683716	0.25013643503189087
0.22550000250339508	0.2416912317276001
0.226500004529953	0.243583083152771
0.22750000655651093	0.2630770206451416
0.22849999368190765	0.2773514688014984
0.22949999570846558	0.25803154706954956
0.2304999977350235	0.2608695328235626
0.23149999976158142	0.2553134858608246
0.23250000178813934	0.2529832720756531
0.23350000381469727	0.23624491691589355
0.2345000058412552	0.2107226401567459
0.23549999296665192	0.26177239418029785
0.23649999499320984	0.22076460719108582
0.23749999701976776	0.2440134435892105
0.23849999904632568	0.20426416397094727
0.2395000010728836	0.23139125108718872
0.24050000309944153	0.22245360910892487
0.24150000512599945	0.23002295196056366
0.24250000715255737	0.2599824368953705
0.2434999942779541	0.25027260184288025
0.24449999630451202	0.27128279209136963
0.24549999833106995	0.2653699219226837
0.24650000035762787	0.26814383268356323
0.2475000023841858	0.253907173871994
0.2485000044107437	0.26646095514297485
0.24950000643730164	0.2555373013019562
0.25049999356269836	0.2996324598789215
0.25130000710487366	0.25949031114578247
0.251800000667572	0.2655327618122101
0.2524999976158142	0.2452065348625183
0.2535000145435333	0.24027656018733978
0.25450000166893005	0.23518076539039612
0.2554999887943268	0.2592931389808655
0.2565000057220459	0.26211631298065186
0.2574999928474426	0.2927421033382416
0.25850000977516174	0.29796040058135986
0.25949999690055847	0.2923913896083832
0.2605000138282776	0.2806021273136139
0.2615000009536743	0.274349570274353
0.26249998807907104	0.30842435359954834
0.26350000500679016	0.31195908784866333
0.2644999921321869	0.36127474904060364
0.265500009059906	0.3622494041919708
0.26649999618530273	0.3226540982723236
0.26750001311302185	0.34518736600875854
0.2685000002384186	0.34683582186698914
0.2694999873638153	0.32792559266090393
0.2705000042915344	0.34141239523887634
0.27149999141693115	0.3207957446575165
0.27250000834465027	0.32791557908058167
0.273499995470047	0.35949960350990295
0.2745000123977661	0.2943180799484253
0.27549999952316284	0.307244211435318
0.27649998664855957	0.32186397910118103
0.2775000035762787	0.35515281558036804
0.2784999907016754	0.34018802642822266
0.27950000762939453	0.22272083163261414
0.28049999475479126	0.26538848876953125
0.2815000116825104	0.3772723376750946
0.2824999988079071	0.39089101552963257
0.28349998593330383	0.3764636218547821
0.28450000286102295	0.3622076213359833
0.2854999899864197	0.3464185893535614
0.2865000069141388	0.38299575448036194
0.2874999940395355	0.37451547384262085
0.28850001096725464	0.3844497799873352
0.28949999809265137	0.36868128180503845
0.29100000858306885	0.4200177490711212
0.2930000126361847	0.4061516523361206
0.29499998688697815	0.4091915488243103
0.296999990940094	0.42419710755348206
0.29899999499320984	0.4315386116504669
0.3009999990463257	0.44240471720695496
0.30300000309944153	0.44307026267051697
0.3050000071525574	0.4461479187011719
0.3070000112056732	0.4505102336406708
0.3089999854564667	0.4610777497291565
0.3109999895095825	0.45458871126174927
0.31299999356269836	0.45898476243019104
0.3149999976158142	0.47360092401504517
0.31700000166893005	0.4762173891067505
0.3190000057220459	0.4592474102973938
0.32100000977516174	0.4752251207828522
0.3230000138282776	0.4665593206882477
0.32499998807907104	0.4823893904685974
0.3269999921321869	0.49240803718566895
0.32899999618530273	0.5019135475158691
0.3310000002384186	0.5106638073921204
0.3330000042915344	0.5050994157791138
0.33500000834465027	0.5032169222831726
0.3370000123977661	0.506744921207428
0.33899998664855957	0.5101343393325806
0.3409999907016754	0.5221017003059387
0.34299999475479126	0.5275381207466125
0.3449999988079071	0.5288280844688416
0.34700000286102295	0.5282343029975891
0.3490000069141388	0.5322704315185547
0.35100001096725464	0.5450412631034851
0.3529999852180481	0.5491518378257751
0.35499998927116394	0.558542788028717
0.3569999933242798	0.5491777062416077
0.35899999737739563	0.5516107082366943
0.3610000014305115	0.5564706921577454
0.3630000054836273	0.5633124709129333
0.36399999260902405	0.5612530708312988
0.36500000953674316	0.5767310261726379
0.367000013589859	0.5811830163002014
0.36899998784065247	0.568336009979248
0.3709999918937683	0.5688702464103699
0.37299999594688416	0.5618029236793518
0.375	0.6757031083106995
0.37700000405311584	0.7204518914222717
0.3790000081062317	0.8895686864852905
0.38100001215934753	1.0582237243652344
0.382999986410141	0.8459554314613342
0.38499999046325684	1.2132216691970825
0.3869999945163727	1.4151673316955566
0.3889999985694885	0.7776386141777039
0.39100000262260437	1.458178997039795
0.3930000066757202	1.5018620491027832
0.39500001072883606	1.4912869930267334
0.3970000147819519	0.7722840905189514
0.39899998903274536	1.4616243839263916
0.4009999930858612	1.7768510580062866
0.40299999713897705	1.822229027748108
0.4050000011920929	1.8091957569122314
0.40700000524520874	1.682993769645691
0.4090000092983246	1.2196457386016846
0.41100001335144043	0.9290655255317688
0.4129999876022339	1.6084656715393066
0.41499999165534973	1.7876955270767212
0.4169999957084656	1.8223568201065063
0.4189999997615814	1.8205674886703491
0.42100000381469727	1.8291271924972534
0.4230000078678131	1.79823637008667
0.42500001192092896	1.803721308708191
0.4269999861717224	1.7525464296340942
0.42899999022483826	1.750045895576477
0.4309999942779541	1.5800831317901611
0.43299999833106995	1.129808783531189
0.4350000023841858	0.968453586101532
0.43700000643730164	1.5835150480270386
0.4390000104904175	1.7096279859542847
0.4410000145435333	1.731658935546875
0.4429999887943268	1.7322900295257568
0.4449999928474426	1.7681653499603271
0.44699999690055847	1.7657122611999512
0.4490000009536743	1.7446552515029907
0.45100000500679016	1.775283932685852
0.453000009059906	1.7502275705337524
0.45500001311302185	1.7278307676315308
0.4569999873638153	1.761432409286499
0.45899999141693115	1.7347474098205566
0.460999995470047	1.760311484336853
0.46299999952316284	1.7278141975402832
0.4650000035762787	1.7451521158218384
0.46700000762939453	1.7399139404296875
0.4690000116825104	1.6950196027755737
0.47099998593330383	1.6471693515777588
0.4729999899864197	1.7144352197647095
0.4749999940395355	1.7109144926071167
0.47699999809265137	1.6944085359573364
0.4790000021457672	1.6760666370391846
0.48100000619888306	1.6299382448196411
0.4830000102519989	1.5133458375930786
0.48500001430511475	1.1253163814544678
0.4869999885559082	0.9149980545043945
0.48899999260902405	1.436160683631897
0.4909999966621399	1.585830807685852
0.49300000071525574	1.6063108444213867
0.4950000047683716	1.6352968215942383
0.4970000088214874	1.6515021324157715
0.49900001287460327	1.631703495979309
0.5009999871253967	1.6026413440704346
0.503000020980835	1.62583589553833
0.5049999952316284	1.6084425449371338
0.5070000290870667	1.6281484365463257
0.5090000033378601	1.6213288307189941
0.5109999775886536	1.6197335720062256
0.5130000114440918	1.6076995134353638
0.5149999856948853	1.592941403388977
0.5170000195503235	1.5628389120101929
0.5189999938011169	1.5633713006973267
0.5210000276565552	1.5768007040023804
0.5230000019073486	1.5593888759613037
0.5249999761581421	1.5823631286621094
0.5270000100135803	1.5338972806930542
0.5289999842643738	1.5685087442398071
0.531000018119812	1.5516313314437866
0.5329999923706055	1.529819369316101
0.5350000262260437	1.5553467273712158
0.5370000004768372	1.5427743196487427
0.5389999747276306	1.539470911026001
0.5410000085830688	1.5222338438034058
0.5429999828338623	1.528792142868042
0.5450000166893005	1.5305699110031128
0.546999990940094	1.5253674983978271
0.5490000247955322	1.5238834619522095
0.5509999990463257	1.5207372903823853
0.5529999732971191	1.509473204612732
0.5550000071525574	1.5124026536941528
0.5569999814033508	1.5031564235687256
0.5590000152587891	1.4967838525772095
0.5609999895095825	1.496813178062439
0.5630000233650208	1.496410608291626
0.5649999976158142	1.4898231029510498
0.5669999718666077	1.4820642471313477
0.5690000057220459	1.4812066555023193
0.5709999799728394	1.476639747619629
0.5730000138282776	1.4774805307388306
0.574999988079071	1.4683055877685547
0.5770000219345093	1.4655534029006958
0.5789999961853027	1.4603098630905151
0.5809999704360962	1.4569133520126343
0.5830000042915344	1.453365445137024
0.5849999785423279	1.4476118087768555
0.5870000123977661	1.4427103996276855
0.5889999866485596	1.424110770225525
0.5910000205039978	1.4344971179962158
0.5929999947547913	1.4305081367492676
0.5950000286102295	1.424242615699768
0.597000002861023	1.4213591814041138
0.5989999771118164	1.4140348434448242
0.6010000109672546	1.4072390794754028
0.6029999852180481	1.4068032503128052
0.6050000190734863	1.4029737710952759
0.6069999933242798	1.4008431434631348
0.609000027179718	1.3956252336502075
0.6110000014305115	1.3898741006851196
0.6129999756813049	1.3813269138336182
0.6150000095367432	1.364257574081421
0.6169999837875366	1.3704804182052612
0.6190000176429749	1.3751647472381592
0.6209999918937683	1.3709537982940674
0.6230000257492065	1.3642734289169312
0.625	1.349218726158142
0.6269999742507935	1.3590469360351562
0.6290000081062317	1.3554660081863403
0.6309999823570251	1.3465806245803833
0.6330000162124634	1.344712257385254
0.6349999904632568	1.3294329643249512
0.6370000243186951	1.3288935422897339
0.6389999985694885	1.3311264514923096
0.640999972820282	1.3213932514190674
0.6430000066757202	1.319729208946228
0.6449999809265137	1.3025741577148438
0.6470000147819519	1.3052228689193726
0.6489999890327454	1.2888751029968262
0.6510000228881836	1.2709791660308838
0.652999997138977	1.216118574142456
0.6549999713897705	1.030089020729065
0.6570000052452087	0.8335142731666565
0.6589999794960022	1.151713252067566
0.6610000133514404	1.2391079664230347
0.6629999876022339	1.2637608051300049
0.6650000214576721	1.2705124616622925
0.6669999957084656	1.271047830581665
0.6690000295639038	1.271520733833313
0.6710000038146973	1.2692294120788574
0.6729999780654907	1.2659366130828857
0.675000011920929	1.2616255283355713
0.6769999861717224	1.2622381448745728
0.6790000200271606	1.2581809759140015
0.6809999942779541	1.2549372911453247
0.6830000281333923	1.2497239112854004
0.6850000023841858	1.2467308044433594
0.6869999766349792	1.244110345840454
0.6890000104904175	1.2409206628799438
0.6909999847412109	1.2371532917022705
0.6930000185966492	1.2327992916107178
0.6949999928474426	1.2297816276550293
0.6970000267028809	1.225696086883545
0.6990000009536743	1.222968339920044
0.7009999752044678	1.2147432565689087
0.703000009059906	1.2137774229049683
0.7049999833106995	1.2117470502853394
0.7070000171661377	1.2086349725723267
0.7089999914169312	1.2054290771484375
0.7110000252723694	1.1859523057937622
0.7129999995231628	1.1946672201156616
0.7149999737739563	1.1921768188476562
0.7170000076293945	1.1901161670684814
0.718999981880188	1.185908555984497
0.7210000157356262	1.1836779117584229
0.7229999899864197	1.1797993183135986
0.7250000238418579	1.174771785736084
0.7269999980926514	1.1743913888931274
0.7289999723434448	1.1686387062072754
0.7310000061988831	1.1665101051330566
0.7329999804496765	1.1632306575775146
0.7350000143051147	1.161483883857727
0.7369999885559082	1.1585794687271118
0.7390000224113464	1.1539536714553833
0.7409999966621399	1.1481283903121948
0.7429999709129333	1.142189383506775
0.7450000047683716	1.1416864395141602
0.746999979019165	1.1338742971420288
0.7490000128746033	1.1337831020355225
0.7509999871253967	1.1336419582366943
0.753000020980835	1.1317501068115234
0.7549999952316284	1.1297895908355713
0.7570000290870667	1.126041293144226
0.7590000033378601	1.123357892036438
0.7609999775886536	1.1205991506576538
0.7630000114440918	1.1171822547912598
0.7649999856948853	1.113097906112671
0.7670000195503235	1.10774827003479
0.7689999938011169	1.1058450937271118
0.7710000276565552	1.1026880741119385
0.7730000019073486	1.1018433570861816
0.7749999761581421	1.097942590713501
0.7770000100135803	1.073430061340332
0.7789999842643738	1.0929206609725952
0.781000018119812	1.0900002717971802
0.7829999923706055	1.0845544338226318
0.7850000262260437	1.079626202583313
0.7870000004768372	1.0746052265167236
0.7889999747276306	1.0701136589050293
0.7910000085830688	1.070540189743042
0.7929999828338623	1.0684144496917725
0.7950000166893005	1.0618020296096802
0.796999990940094	1.0665159225463867
0.7990000247955322	1.0533616542816162
0.8009999990463257	1.0592832565307617
0.8029999732971191	1.055552363395691
0.8050000071525574	1.053688645362854
0.8069999814033508	1.0504646301269531
0.8090000152587891	1.0478241443634033
0.8109999895095825	1.0457764863967896
0.8130000233650208	1.0436700582504272
0.8149999976158142	1.0408406257629395
0.8169999718666077	1.0379453897476196
0.8190000057220459	1.0255935192108154
0.8209999799728394	1.0265644788742065
0.8230000138282776	1.0227668285369873
0.824999988079071	1.022298812866211
0.8270000219345093	1.0286293029785156
0.8289999961853027	1.025363564491272
0.8309999704360962	1.0227208137512207
0.8330000042915344	1.013771891593933
0.8349999785423279	1.0186457633972168
0.8370000123977661	1.017226219177246
0.8389999866485596	1.0129423141479492
0.8410000205039978	1.0107046365737915
0.8429999947547913	1.0062789916992188
0.8450000286102295	0.9903526902198792
0.847000002861023	0.9936114549636841
0.8489999771118164	0.997588574886322
0.8510000109672546	0.9668083786964417
0.8529999852180481	0.9960967302322388
0.8550000190734863	0.922553539276123
0.8569999933242798	1.0025229454040527
0.859000027179718	0.952604353427887
0.8610000014305115	0.9392537474632263
0.8629999756813049	1.0099067687988281
0.8650000095367432	0.9726925492286682
0.8669999837875366	0.8381332159042358
0.8690000176429749	0.9862403273582458
0.8709999918937683	1.028717279434204
0.8730000257492065	0.986194908618927
0.875	0.802375078201294
0.8769999742507935	0.9460287094116211
0.8790000081062317	1.0368841886520386
0.8809999823570251	1.0493696928024292
0.8830000162124634	1.0159348249435425
0.8849999904632568	0.8991423845291138
0.8870000243186951	0.7766983509063721
0.8889999985694885	0.9744657874107361
0.890999972820282	1.0376025438308716
0.8930000066757202	1.0566200017929077
0.8949999809265137	1.064562201499939
0.8970000147819519	1.0387502908706665
0.8989999890327454	0.9722658395767212
0.9010000228881836	0.7757570147514343
0.902999997138977	0.8480253219604492
0.9049999713897705	0.9893822073936462
0.9070000052452087	1.0192620754241943
0.9089999794960022	1.0254148244857788
0.9110000133514404	1.0515098571777344
0.9129999876022339	1.0561319589614868
0.9150000214576721	1.052391767501831
0.9169999957084656	1.034293532371521
0.9190000295639038	0.9948928952217102
0.9210000038146973	0.9042249321937561
0.9229999780654907	0.711701512336731
0.925000011920929	0.8735930919647217
0.9269999861717224	0.9598705172538757
0.9290000200271606	1.016662359237671
0.9309999942779541	1.0314456224441528
0.9330000281333923	1.0350114107131958
0.9350000023841858	1.0368309020996094
0.9369999766349792	1.0360034704208374
0.9390000104904175	1.0280866622924805
0.9409999847412109	1.003250002861023
0.9430000185966492	1.019079327583313
0.9449999928474426	1.0153694152832031
0.9470000267028809	1.0071165561676025
0.9490000009536743	0.9879593253135681
0.9509999752044678	0.9478122591972351
0.953000009059906	0.8496295809745789
0.9549999833106995	0.688761293888092
0.9570000171661377	0.8654773235321045
0.9589999914169312	0.9454320669174194
0.9610000252723694	0.9706206321716309
0.9629999995231628	0.971882700920105
0.9649999737739563	0.9889609813690186
0.9670000076293945	0.9818434119224548
0.968999981880188	0.985909104347229
0.9710000157356262	0.9918687343597412
0.9729999899864197	0.9883851408958435
0.9750000238418579	0.9838968515396118
0.9769999980926514	0.9850739240646362
0.9789999723434448	0.9824020266532898
0.9810000061988831	0.9796834588050842
0.9829999804496765	0.9749855995178223
0.9850000143051147	0.9693517684936523
0.9869999885559082	0.9663756489753723
0.9890000224113464	0.9576782584190369
0.9909999966621399	0.958903968334198
0.9929999709129333	0.9549884796142578
0.9950000047683716	0.9499289989471436
0.996999979019165	0.9424199461936951
0.9990000128746033	0.9262447357177734
1.002500057220459	0.8226981163024902
1.0075000524520874	0.7871761322021484
1.0125000476837158	0.9096211194992065
1.0175000429153442	0.9256673455238342
1.0225000381469727	0.9255867600440979
1.027500033378601	0.9217807650566101
1.0325000286102295	0.9151026606559753
1.037500023841858	0.9093480110168457
1.0425000190734863	0.9033533930778503
1.0475000143051147	0.8904234170913696
1.0525000095367432	0.8878666758537292
1.0575000047683716	0.8834619522094727
1.0625	0.8782891035079956
1.0674999952316284	0.8578579425811768
1.0724999904632568	0.8601616621017456
1.0774999856948853	0.8551972508430481
1.0824999809265137	0.8445207476615906
1.087499976158142	0.8182798624038696
1.0924999713897705	0.6800883412361145
1.097499966621399	0.7524550557136536
1.1024999618530273	0.8177926540374756
1.1074999570846558	0.8257176876068115
1.1124999523162842	0.8226701021194458
1.1174999475479126	0.8197164535522461
1.122499942779541	0.8159800171852112
1.127500057220459	0.7992388010025024
1.1325000524520874	0.7951849102973938
1.1375000476837158	0.7978225946426392
1.1425000429153442	0.7907545566558838
1.1475000381469727	0.7909755110740662
1.152500033378601	0.7865933179855347
1.1575000286102295	0.7813750505447388
1.162500023841858	0.7701664566993713
1.1675000190734863	0.7611306309700012
1.1725000143051147	0.7673889994621277
1.1775000095367432	0.7503772377967834
1.1825000047683716	0.7522887587547302
1.1875	0.7447035312652588
1.1924999952316284	0.7494236826896667
1.1974999904632568	0.739517092704773
1.2024999856948853	0.7381861805915833
1.2074999809265137	0.732235848903656
1.212499976158142	0.7283154129981995
1.2174999713897705	0.7261818647384644
1.222499966621399	0.7210992574691772
1.2274999618530273	0.7155585289001465
1.2324999570846558	0.7119817137718201
1.2374999523162842	0.7085816860198975
1.2424999475479126	0.7056738138198853
1.247499942779541	0.6995371580123901
1.252500057220459	0.6959002614021301
1.2575000524520874	0.6872357130050659
1.2625000476837158	0.6841045618057251
1.2675000429153442	0.6802158951759338
1.2725000381469727	0.6694005131721497
1.277500033378601	0.6333816647529602
1.2825000286102295	0.5396609902381897
1.287500023841858	0.6343849897384644
1.2925000190734863	0.6555262804031372
1.2975000143051147	0.6577459573745728
1.3025000095367432	0.6562086939811707
1.3075000047683716	0.6540762782096863
1.3125	0.6503027677536011
1.3174999952316284	0.6448520421981812
1.3224999904632568	0.6434593796730042
1.3274999856948853	0.6398752331733704
1.3324999809265137	0.6363593339920044
1.337499976158142	0.6327361464500427
1.3424999713897705	0.6290048956871033
1.347499966621399	0.6255280375480652
1.3524999618530273	0.6206666827201843
1.3574999570846558	0.6175243854522705
1.3624999523162842	0.6150273680686951
1.3674999475479126	0.6109473705291748
1.372499942779541	0.6043090224266052
1.377500057220459	0.6039762496948242
1.3825000524520874	0.600914716720581
1.3875000476837158	0.5987235903739929
1.3925000429153442	0.5937390327453613
1.3975000381469727	0.5915656089782715
1.402500033378601	0.5885282158851624
1.4075000286102295	0.5856002569198608
1.412500023841858	0.5819871425628662
1.4175000190734863	0.5790820717811584
1.4225000143051147	0.5756875872612
1.4275000095367432	0.5724057555198669
1.4325000047683716	0.5696508288383484
1.4375	0.5670218467712402
1.4424999952316284	0.5559914708137512
1.4474999904632568	0.560481071472168
1.4524999856948853	0.5538110136985779
1.4570000171661377	0.554700493812561
1.4620000123977661	0.5508193373680115
1.4674999713897705	0.5491568446159363
1.472499966621399	0.545750081539154
1.4774999618530273	0.5411673188209534
1.4824999570846558	0.5397812128067017
1.4874999523162842	0.5352416038513184
1.4924999475479126	0.5363956093788147
1.497499942779541	0.5325952172279358
1.502500057220459	0.52848219871521
1.5075000524520874	0.5263240337371826
1.5125000476837158	0.5252458453178406
1.5175000429153442	0.5225067138671875
1.5225000381469727	0.5199288129806519
1.527500033378601	0.516816258430481
1.5325000286102295	0.5138640999794006
1.537500023841858	0.5117857456207275
1.5425000190734863	0.5060784220695496
1.5475000143051147	0.5055330395698547
1.5525000095367432	0.502779483795166
1.5575000047683716	0.4963199496269226
1.5625	0.5009765625
1.5674999952316284	0.49116554856300354
1.5724999904632568	0.48466020822525024
1.5774999856948853	0.4927242696285248
1.5824999809265137	0.4903431832790375
1.587499976158142	0.4637087285518646
1.5924999713897705	0.4795682430267334
1.597499966621399	0.4879435896873474
1.6050000190734863	0.4752765893936157
1.6150000095367432	0.4567002058029175
1.625	0.480329692363739
1.6349999904632568	0.45819076895713806
1.6449999809265137	0.43567004799842834
1.6549999713897705	0.46892112493515015
1.6649999618530273	0.4654565751552582
1.6749999523162842	0.43739691376686096
1.684999942779541	0.4139590263366699
1.6950000524520874	0.45106491446495056
1.7050000429153442	0.4494260847568512
1.715000033378601	0.4455956220626831
1.725000023841858	0.4332509934902191
1.7350000143051147	0.3822985589504242
1.7450000047683716	0.4165594279766083
1.7549999952316284	0.42627546191215515
1.7649999856948853	0.42367061972618103
1.774999976158142	0.42123860120773315
1.784999966621399	0.41643959283828735
1.7949999570846558	0.41274142265319824
1.8049999475479126	0.40269187092781067
1.815000057220459	0.3584116995334625
1.8250000476837158	0.3816896080970764
1.8350000381469727	0.39531221985816956
1.8450000286102295	0.3935052752494812
1.8550000190734863	0.38849174976348877
1.8650000095367432	0.37912648916244507
1.875	0.3351796865463257
1.8849999904632568	0.3695354461669922
1.8949999809265137	0.3734666109085083
1.9049999713897705	0.3730637729167938
1.9149999618530273	0.3696562945842743
1.9249999523162842	0.3650782108306885
1.934999942779541	0.3543534278869629
1.9450000524520874	0.31444504857063293
1.9550000429153442	0.3480718433856964
1.965000033378601	0.35256847739219666
1.975000023841858	0.3504321575164795
1.9850000143051147	0.3483552932739258
1.9950000047683716	0.3453865647315979
2.005000114440918	0.34246593713760376
2.015000104904175	0.33955663442611694
2.0250000953674316	0.33649730682373047
2.0350000858306885	0.33345142006874084
2.0450000762939453	0.3309236466884613
2.055000066757202	0.32808682322502136
2.065000057220459	0.3249339461326599
2.075000047683716	0.32236212491989136
2.0850000381469727	0.3197818696498871
2.0950000286102295	0.3170192539691925
2.1050000190734863	0.3142925798892975
2.115000009536743	0.3110680878162384
2.125	0.30850750207901
2.134999990463257	0.3055834174156189
2.1449999809265137	0.3024713695049286
2.1549999713897705	0.2949420213699341
2.1649999618530273	0.26323455572128296
2.174999952316284	0.28677046298980713
2.184999942779541	0.2922780513763428
2.194999933242798	0.29153868556022644
2.2049999237060547	0.28943634033203125
2.2149999141693115	0.28696513175964355
2.2249999046325684	0.28530454635620117
2.234999895095825	0.2830294668674469
2.244999885559082	0.2808302044868469
2.255000114440918	0.278201699256897
2.265000104904175	0.2763652205467224
2.2750000953674316	0.2742046117782593
2.2850000858306885	0.27213025093078613
2.2950000762939453	0.2699350416660309
2.305000066757202	0.26814839243888855
2.315000057220459	0.26608553528785706
2.325000047683716	0.26417291164398193
2.3350000381469727	0.26214298605918884
2.3450000286102295	0.2602688670158386
2.3550000190734863	0.25833386182785034
2.365000009536743	0.2564493715763092
2.375	0.2545050084590912
2.384999990463257	0.2526140809059143
2.3949999809265137	0.25077900290489197
2.4049999713897705	0.2488866001367569
2.4149999618530273	0.24711136519908905
2.424999952316284	0.24533966183662415
2.434999942779541	0.2434539645910263
2.444999933242798	0.24169155955314636
2.4549999237060547	0.23987559974193573
2.4649999141693115	0.23806649446487427
2.4749999046325684	0.23632661998271942
2.484999895095825	0.23459680378437042
2.494999885559082	0.23206892609596252
2.505000114440918	0.23161117732524872
2.515000104904175	0.22985868155956268
2.5250000953674316	0.22639845311641693
2.5350000858306885	0.22639590501785278
2.5450000762939453	0.22559477388858795
2.555000066757202	0.22273622453212738
2.565000057220459	0.21810130774974823
2.575000047683716	0.21993784606456757
2.5850000381469727	0.21924380958080292
2.5950000286102295	0.21757635474205017
2.6050000190734863	0.212741881608963
2.615000009536743	0.20473645627498627
2.625	0.18997454643249512
2.634999990463257	0.20572775602340698
2.6449999809265137	0.2098807543516159
2.6549999713897705	0.20907407999038696
2.6649999618530273	0.20525430142879486
2.674999952316284	0.1953485757112503
2.684999942779541	0.20265130698680878
2.694999933242798	0.20438152551651
2.7049999237060547	0.20363280177116394
2.7149999141693115	0.20256125926971436
2.7249999046325684	0.20116017758846283
2.734999895095825	0.19934800267219543
2.744999885559082	0.19598600268363953
2.755000114440918	0.18352681398391724
2.765000104904175	0.18776673078536987
2.7750000953674316	0.19320867955684662
2.7850000858306885	0.19328512251377106
2.7950000762939453	0.19248831272125244
2.805000066757202	0.1915864199399948
2.815000057220459	0.19033989310264587
2.825000047683716	0.1890610009431839
2.8350000381469727	0.18758882582187653
2.8450000286102295	0.18583881855010986
2.8550000190734863	0.18356108665466309
2.865000009536743	0.17696933448314667
2.875	0.16680030524730682
2.884999990463257	0.17795054614543915
2.8949999809265137	0.1795215606689453
2.9049999713897705	0.17924489080905914
2.9149999618530273	0.17827178537845612
2.924999952316284	0.17744365334510803
2.934999942779541	0.17641931772232056
2.944999933242798	0.175281822681427
2.9549999237060547	0.17420388758182526
2.9649999141693115	0.17318713665008545
2.9749999046325684	0.1720561534166336
2.984999895095825	0.17098721861839294
2.994999885559082	0.16989226639270782
3.005000114440918	0.16840995848178864
3.015000104904175	0.1668965369462967
3.0250000953674316	0.1639792025089264
3.0350000858306885	0.1526300013065338
3.0450000762939453	0.15502825379371643
3.055000066757202	0.16155466437339783
3.065000057220459	0.16214431822299957
3.075000047683716	0.1615966409444809
3.0850000381469727	0.16074593365192413
3.0950000286102295	0.1599697321653366
3.1050000190734863	0.15898050367832184
3.115000009536743	0.15787146985530853
3.125	0.15703125298023224
3.134999990463257	0.15617048740386963
3.1449999809265137	0.15519018471240997
3.1549999713897705	0.15438692271709442
3.1649999618530273	0.15356405079364777
3.174999952316284	0.15262065827846527
3.184999942779541	0.1517575979232788
3.194999933242798	0.15087459981441498
3.2100000381469727	0.14961552619934082
3.2300000190734863	0.14793851971626282
3.25	0.1461849957704544
3.2699999809265137	0.14371258020401
3.2899999618530273	0.13346116244792938
3.309999942779541	0.13738949596881866
3.3299999237060547	0.13894392549991608
3.3499999046325684	0.1378123015165329
3.369999885559082	0.1361692249774933
3.390000104904175	0.13480232656002045
3.4100000858306885	0.13337430357933044
3.430000066757202	0.132119819521904
3.450000047683716	0.13068945705890656
3.4700000286102295	0.12931926548480988
3.490000009536743	0.12801285088062286
3.509999990463257	0.1266506314277649
3.5299999713897705	0.12535665929317474
3.549999952316284	0.12404640763998032
3.569999933242798	0.12273339182138443
3.5899999141693115	0.12149612605571747
3.609999895095825	0.12020809203386307
3.630000114440918	0.11902694404125214
3.6500000953674316	0.11774425953626633
3.6700000762939453	0.11658680438995361
3.690000057220459	0.11508328467607498
3.7100000381469727	0.11381534487009048
3.7300000190734863	0.10886844992637634
3.75	0.10666406154632568
3.7699999809265137	0.11047686636447906
3.7899999618530273	0.10984227806329727
3.809999942779541	0.10836268961429596
3.8299999237060547	0.10743502527475357
3.8499999046325684	0.10687022656202316
3.869999885559082	0.10578185319900513
3.890000104904175	0.10447201877832413
3.9100000858306885	0.10261372476816177
3.930000066757202	0.10273946821689606
3.950000047683716	0.10197794437408447
3.9700000286102295	0.10107465088367462
3.990000009536743	0.09985087066888809
4.010000228881836	0.09781524538993835
4.03000020980835	0.09632477909326553
4.050000190734863	0.09164077043533325
4.070000171661377	0.09561260044574738
4.090000152587891	0.09550072997808456
4.110000133514404	0.09481535851955414
4.130000114440918	0.0938982293009758
4.150000095367432	0.09248482435941696
4.170000076293945	0.08906594663858414
4.190000057220459	0.09071236848831177
4.210000038146973	0.09053470939397812
4.230000019073486	0.0900549665093422
4.25	0.0892648696899414
4.269999980926514	0.0884842649102211
4.289999961853027	0.08769553154706955
4.309999942779541	0.08693615347146988
4.329999923706055	0.08607620745897293
4.349999904632568	0.08484848588705063
4.369999885559082	0.08110453933477402
4.389999866485596	0.08211841434240341
4.409999847412109	0.08288780599832535
4.429999828338623	0.0825030729174614
4.449999809265137	0.0818239226937294
4.46999979019165	0.08124233782291412
4.489999771118164	0.08041863888502121
4.510000228881836	0.07975353300571442
4.53000020980835	0.07908755540847778
4.550000190734863	0.07842107117176056
4.570000171661377	0.0777335986495018
4.590000152587891	0.07704604417085648
4.610000133514404	0.07631629705429077
4.630000114440918	0.075114905834198
4.650000095367432	0.07033799588680267
4.670000076293945	0.07026828080415726
4.690000057220459	0.07278510183095932
4.710000038146973	0.07318534702062607
4.730000019073486	0.07280141860246658
4.75	0.07224512845277786
4.769999980926514	0.07171713560819626
4.789999961853027	0.07117260247468948
4.809999942779541	0.07063451409339905
4.829999923706055	0.07008001208305359
4.849999904632568	0.06953251361846924
4.869999885559082	0.06899246573448181
4.889999866485596	0.06846034526824951
4.909999847412109	0.06793662905693054
4.929999828338623	0.06739749014377594
4.949999809265137	0.06689182668924332
4.96999979019165	0.06637131422758102
4.989999771118164	0.06586076319217682
5.010000228881836	0.0653606653213501
5.03000020980835	0.06484620273113251
5.050000190734863	0.06436830759048462
5.070000171661377	0.06385096907615662
5.090000152587891	0.06318985670804977
5.110000133514404	0.061990123242139816
5.130000114440918	0.058791954070329666
5.150000095367432	0.06129349768161774
5.170000076293945	0.06136956065893173
5.190000057220459	0.06106414273381233
5.210000038146973	0.06066706031560898
5.230000019073486	0.060231082141399384
5.25	0.05975550413131714
5.269999980926514	0.05929514020681381
5.289999961853027	0.05893451347947121
5.309999942779541	0.058535102754831314
5.329999923706055	0.0581246092915535
5.349999904632568	0.057702962309122086
5.369999885559082	0.057154737412929535
5.389999866485596	0.05676780268549919
5.409999847412109	0.05648742988705635
5.429999828338623	0.056139249354600906
5.449999809265137	0.055810995399951935
5.46999979019165	0.0553835853934288
5.489999771118164	0.05491526424884796
5.510000228881836	0.054405298084020615
5.53000020980835	0.053883545100688934
5.550000190734863	0.05375036224722862
5.570000171661377	0.053455900400877
5.590000152587891	0.05315301939845085
5.610000133514404	0.0528101846575737
5.630000114440918	0.052458371967077255
5.650000095367432	0.05209752172231674
5.670000076293945	0.051631130278110504
5.690000057220459	0.0511542409658432
5.710000038146973	0.050438545644283295
5.730000019073486	0.05043133348226547
5.75	0.050255000591278076
5.769999980926514	0.050039224326610565
5.789999961853027	0.049716245383024216
5.809999942779541	0.04938517510890961
5.829999923706055	0.049011994153261185
5.849999904632568	0.04863017424941063
5.869999885559082	0.048170749098062515
5.889999866485596	0.04721594601869583
5.909999847412109	0.044777825474739075
5.929999828338623	0.046734150499105453
5.949999809265137	0.046235665678977966
5.96999979019165	0.04626188427209854
5.989999771118164	0.04639296978712082
6.010000228881836	0.04619760811328888
6.03000020980835	0.04592381790280342
6.050000190734863	0.04564331844449043
6.070000171661377	0.04535607621073723
6.090000152587891	0.045099128037691116
6.110000133514404	0.04479851946234703
6.130000114440918	0.04452862590551376
6.150000095367432	0.04425232857465744
6.170000076293945	0.04396958276629448
6.190000057220459	0.043718669563531876
6.210000038146973	0.04342317581176758
6.230000019073486	0.043121132999658585
6.25	0.04281250014901161
6.269999980926514	0.04226137325167656
6.289999961853027	0.04106753692030907
6.309999942779541	0.041607826948165894
6.329999923706055	0.041711729019880295
6.349999904632568	0.04157250002026558
6.369999885559082	0.04134786128997803
6.389999866485596	0.04111792892217636
6.420000076293945	0.04081248119473457
6.460000038146973	0.04033776745200157
6.5	0.03985864669084549
6.539999961853027	0.03939264267683029
6.579999923706055	0.03892779350280762
6.619999885559082	0.03846467658877373
6.659999847412109	0.03801274672150612
6.699999809265137	0.03749661520123482
6.739999771118164	0.036814525723457336
6.78000020980835	0.03563470393419266
6.820000171661377	0.036154087632894516
6.860000133514404	0.03586882725358009
6.900000095367432	0.03549801930785179
6.940000057220459	0.03509681299328804
6.980000019073486	0.03471328690648079
7.019999980926514	0.034338582307100296
7.059999942779541	0.03396343067288399
7.099999904632568	0.03357810154557228
7.139999866485596	0.03323360159993172
7.179999828338623	0.03287496417760849
7.21999979019165	0.032502058893442154
7.260000228881836	0.03210419788956642
7.300000190734863	0.031798142939805984
7.340000152587891	0.03149028867483139
7.380000114440918	0.031093725934624672
7.420000076293945	0.03061135858297348
7.460000038146973	0.029155874624848366
7.5	0.028552500531077385
7.539999961853027	0.029483240097761154
7.579999923706055	0.0294751338660717
7.619999885559082	0.029223810881376266
7.659999847412109	0.02893880568444729
7.699999809265137	0.028648927807807922
7.739999771118164	0.028342286124825478
7.78000020980835	0.027976227924227715
7.820000171661377	0.02778153494000435
7.860000133514404	0.027572236955165863
7.900000095367432	0.027316858991980553
7.940000057220459	0.027052009478211403
7.980000019073486	0.02679034322500229
8.020000457763672	0.02652573212981224
8.0600004196167	0.026271279901266098
8.100000381469727	0.025968439877033234
8.140000343322754	0.025576205924153328
8.180000305175781	0.025393256917595863
8.220000267028809	0.025257069617509842
8.260000228881836	0.025053175166249275
8.300000190734863	0.0248141810297966
8.34000015258789	0.024580951780080795
8.380000114440918	0.02434679865837097
8.420000076293945	0.024126045405864716
8.460000038146973	0.02391207404434681
8.5	0.02369077503681183
8.539999961853027	0.023476680740714073
8.579999923706055	0.023248059675097466
8.619999885559082	0.022967489436268806
8.65999984741211	0.02250617928802967
8.699999809265137	0.022479930892586708
8.739999771118164	0.02186977118253708
8.779999732971191	0.021677257493138313
8.819999694824219	0.021968573331832886
8.859999656677246	0.021838590502738953
8.899999618530273	0.021663937717676163
8.9399995803833	0.021475469693541527
8.979999542236328	0.021289067342877388
9.020000457763672	0.02110488899052143
9.0600004196167	0.020923109725117683
9.100000381469727	0.020743906497955322
9.140000343322754	0.020567448809742928
9.180000305175781	0.020393921062350273
9.220000267028809	0.020214997231960297
9.260000228881836	0.020022064447402954
9.300000190734863	0.019832156598567963
9.34000015258789	0.01962801069021225
9.380000114440918	0.01912780851125717
9.420000076293945	0.01917593739926815
9.460000038146973	0.019169101491570473
9.5	0.019024699926376343
9.539999961853027	0.01888490840792656
9.579999923706055	0.018759096041321754
9.619999885559082	0.018610680475831032
9.65999984741211	0.018457826226949692
9.699999809265137	0.01830991357564926
9.739999771118164	0.018157657235860825
9.779999732971191	0.018020158633589745
9.819999694824219	0.017859281972050667
9.859999656677246	0.017703687772154808
9.899999618530273	0.017592795193195343
9.9399995803833	0.0174585971981287
9.979999542236328	0.017320508137345314
10.020000457763672	0.017178509384393692
20.0	0.004375999793410301
40.0	0.0010876799933612347
60.0	0.00047879997873678803
80.0	0.0002670719986781478
100.0	0.00016969999705906957
120.0	0.00011710079706972465
140.0	8.555400563636795e-05
160.0	6.517759902635589e-05
