#lam_mum	F_Jy	Fe_Jy
156.59	1.0029	0.06
156.66	0.85956	0.06
156.74	1.1243	0.06
156.83	0.95000	0.06
156.91	1.0801	0.06
156.99	1.0140	0.06
157.08	0.93235	0.06
157.16	0.93676	0.06
157.24	1.0074	0.06
157.32	1.0096	0.06
157.41	0.8948	0.06
157.49	0.76029	0.06
157.58	1.0051	0.06
157.68	0.97868	0.06
157.75	1.3449	0.06
157.83	0.97647	0.06
157.92	1.0934	0.06
158.01	0.82206	0.06
158.09	0.97426	0.06
158.18	1.0029	0.06
158.26	1.0669	0.06
158.34	0.85956	0.06
158.42	0.96765	0.06
158.51	1.0779	0.06
158.59	1.0228	0.06
158.68	0.94559	0.06
158.77	1.0824	0.06
158.85	0.99412	0.06

